 Globus-M 40924 LH 0.22MA 0.8.T

 Name   Time    Value      Error
RTOR            0.375
AB              0.25
ABC             0.23
!AWALL           0.3
ELONM           2                 !elong. of the chamber
TRICH           0.4                 !trian. of the chamber
ELONG           1.8                 !elong. of the LCMS
TRIAN           0.4                 !trian. of the LCMS
AMJ             2.                  !mass of main ions
ZMJ             1.                  !charge of main ions
BTOR            0.8
SHIFT           0.0 
UPDWN           0.0   
NB1             100
TSTART          0.1
!!!!!!!!!!!!!!!!!!!!!!!!!!!!


ZRD1    0.167    1.89835
ZRD1    0.168    1.85536
ZRD1    0.169    1.79867
ZRD1    0.17     1.75041
ZRD1    0.171    1.70871
ZRD1    0.172    1.6587
ZRD1    0.173    1.62116
ZRD1    0.174    1.58948
ZRD1    0.175    1.56303



POINTS   81    GRIDTYPE 1    NAMEXP TIX    NTIMES 1
  0.1802969
   2.479E-01  2.479E-01  2.478E-01  2.477E-01  2.475E-01  2.472E-01  2.468E-01  2.464E-01  2.459E-01  2.453E-01
   2.447E-01  2.439E-01  2.432E-01  2.423E-01  2.414E-01  2.404E-01  2.394E-01  2.382E-01  2.370E-01  2.358E-01
   2.344E-01  2.330E-01  2.315E-01  2.300E-01  2.284E-01  2.267E-01  2.249E-01  2.230E-01  2.211E-01  2.191E-01
   2.170E-01  2.149E-01  2.126E-01  2.103E-01  2.080E-01  2.055E-01  2.030E-01  2.004E-01  1.978E-01  1.951E-01
   1.923E-01  1.894E-01  1.865E-01  1.835E-01  1.804E-01  1.773E-01  1.741E-01  1.708E-01  1.675E-01  1.641E-01
   1.607E-01  1.572E-01  1.537E-01  1.502E-01  1.466E-01  1.430E-01  1.394E-01  1.358E-01  1.321E-01  1.285E-01
   1.250E-01  1.214E-01  1.179E-01  1.145E-01  1.112E-01  1.081E-01  1.050E-01  1.021E-01  9.947E-02  9.701E-02
   9.482E-02  9.293E-02  8.755E-02  8.255E-02  7.797E-02  7.379E-02  6.997E-02  6.639E-02  6.275E-02  5.795E-02
   2.000E-02
 
POINTS   81    GRIDTYPE 1    NAMEXP TIX    NTIMES 1
  0.1853219
   2.531E-01  2.531E-01  2.531E-01  2.529E-01  2.527E-01  2.524E-01  2.520E-01  2.516E-01  2.511E-01  2.505E-01
   2.498E-01  2.491E-01  2.483E-01  2.474E-01  2.465E-01  2.454E-01  2.444E-01  2.432E-01  2.420E-01  2.407E-01
   2.393E-01  2.378E-01  2.363E-01  2.347E-01  2.330E-01  2.313E-01  2.294E-01  2.275E-01  2.255E-01  2.235E-01
   2.213E-01  2.191E-01  2.168E-01  2.145E-01  2.120E-01  2.095E-01  2.069E-01  2.042E-01  2.015E-01  1.987E-01
   1.958E-01  1.928E-01  1.898E-01  1.867E-01  1.835E-01  1.802E-01  1.769E-01  1.736E-01  1.701E-01  1.666E-01
   1.631E-01  1.595E-01  1.558E-01  1.522E-01  1.484E-01  1.447E-01  1.410E-01  1.372E-01  1.335E-01  1.297E-01
   1.260E-01  1.224E-01  1.188E-01  1.153E-01  1.120E-01  1.087E-01  1.056E-01  1.027E-01  9.996E-02  9.748E-02
   9.527E-02  9.337E-02  8.788E-02  8.281E-02  7.816E-02  7.394E-02  7.009E-02  6.649E-02  6.284E-02  5.800E-02
   2.000E-02
 
!*************** Te **********************************
NAMEXP TEX POINTS 10 GRIDTYPE 19 FACTOR 1
0
0.410      0.431      0.453     0.474     0.497    .521    0.545   0.57    .588     0.599
.807       .807       .765      .740      0.611    0.428   .274    .149    .079     .061

!*************** ne **********************************
NAMEXP NEX POINTS 10 GRIDTYPE 19 FACTOR 1
0
0.410      0.431      0.453     0.474     0.497    .521    0.545   0.57    .588     0.599
2.16       2.05       2.01      1.97      1.68     1.38    1.08    0.76    0.55     0.36 


POINTS   2   GRIDTYPE 1   NAMEXP ZEFX   NTIMES 1
.190  
1.4  1.4

